0.018
0.019
0.018
0.018
0.017
0.018
0.018
0.018
0.015
0.014
0.016
0.015
0.018
0.018
0.017
0.018
0.018
0.015
0.009
0.008
0.007
0.018
0.018
0.018
0.018
0.018
0.019
0.018
0.018
0.014
0.019
0.018
0.018
0.017
0.007
0.018
0.013
0.018
0.018
0.018
0.018
0.018
0.018
0.019
0.018
0.017
0.019
0.013
0.018
0.019
0.019
0.018
0.019
0.019
0.030
0.018
0.018
0.018
0.018
0.018
0.019
0.018
0.020
0.019
0.018
0.019
0.017
0.017
0.018
0.019
0.018
0.018
0.018
0.018
0.019
0.019
0.016
0.019
0.018
0.016
0.019
0.018
0.018
0.007
0.018
0.017
0.018
0.018
0.018
0.020
0.017
0.018
0.018
0.018
0.018
0.019
0.018
0.018
0.018
0.010
0.019
0.018
0.015
0.018
0.016
0.019
0.018
0.016
0.019
0.018
0.019
0.018
0.020
0.015
0.018
0.017
0.017
0.019
0.016
0.016
0.015
0.018
0.016
0.019
0.018
0.018
0.015
0.018
0.018
0.019
0.017
0.018
0.019
0.018
0.018
0.018
0.016
0.018
0.018
0.018
0.018
0.018
0.018
0.018
0.017
0.018
0.018
0.015
0.018
0.018
0.018
0.019
0.018
0.019
0.018
0.016
0.018
0.018
0.017
0.010
0.008
0.018
0.019
0.024
0.018
0.018
0.017
0.016
0.018
0.019
0.017
0.014
0.019
0.020
0.017
0.018
0.018
0.017
0.018
0.017
0.018
0.018
0.018
0.018
0.018
0.018
0.018
0.020
0.018
0.018
0.019
0.018
0.018
0.018
0.019
0.017
0.018
0.018
0.016
0.019
0.018
0.017
0.018
0.017
0.017
0.015
0.018
0.018
0.018
0.018
0.020
0.019
0.018
0.028
0.019
0.017
0.017
0.017
0.017
0.019
0.017
0.019
0.018
0.017
0.018
0.019
0.015
0.018
0.018
0.018
0.018
0.018
0.018
0.015
0.018
0.019
0.019
0.018
0.018
0.016
0.018
0.018
0.015
0.015
0.019
0.018
0.019
0.017
0.018
0.017
0.019
0.020
0.018
0.018
0.015
0.018
0.018
0.018
0.016
0.017
0.019
0.018
0.018
0.018
0.019
0.017
0.015
0.016
0.010
0.018
0.017
0.018
0.018
0.019
0.019
0.018
0.019
0.019
0.019
0.018
0.018
0.016
0.018
0.018
0.018
0.016
0.018
0.019
0.017
0.018
0.017
0.018
0.018
0.017
0.018
0.018
0.017
0.019
0.019
0.015
0.018
0.018
0.018
0.018
0.016
0.019
0.015
0.017
0.018
0.017
0.016
0.019
0.017
0.010
0.010
0.008
0.008
0.008
0.017
0.007
0.013
0.009
0.008
0.017
0.008
0.019
0.019
0.017
0.018
0.016
0.007
0.018
0.015
0.015
0.018
0.017
0.019
0.016
0.017
0.020
0.018
0.019
0.018
0.015
0.019
0.017
0.019
0.019
0.017
0.019
0.020
0.016
0.017
0.018
0.016
0.018
0.018
0.014
0.009
0.016
0.018
0.018
0.018
0.016
0.017
0.018
0.018
0.018
0.018
0.019
0.018
0.017
0.017
0.018
0.018
0.015
0.018
0.018
0.016
0.008
0.018
0.018
0.016
0.018
0.018
0.019
0.018
0.013
0.018
0.018
0.020
0.019
0.018
0.018
0.017
0.018
0.018
0.019
0.018
0.017
0.019
0.018
0.018
0.019
0.016
0.018
0.018
0.019
0.019
0.018
0.017
0.018
0.018
0.017
0.018
0.018
0.014
0.019
0.018
0.016
0.018
0.018
0.018
0.019
0.018
0.018
0.018
0.018
0.018
0.018
0.019
0.018
0.018
0.014
0.008
0.019
0.024
0.018
0.018
0.015
0.017
0.019
0.015
0.019
0.018
0.018
0.018
0.018
0.018
0.018
0.019
0.015
0.018
0.018
0.016
0.018
0.018
0.016
0.018
0.018
0.018
0.018
0.016
0.018
0.019
0.018
0.019
0.018
0.018
0.019
0.018
0.018
0.018
0.018
0.018
0.018
0.019
0.013
0.018
0.018
0.018
0.017
0.015
0.019
0.018
0.018
0.018
0.018
0.019
0.018
0.017
0.018
0.019
0.018
0.018
0.018
0.018
0.018
0.019
0.015
0.019
0.020
0.019
0.019
0.018
0.018
0.018
0.017
0.017
0.018
0.017
0.019
0.018
0.019
0.018
0.019
0.018
0.018
0.018
0.015
0.019
0.018
0.019
0.018
0.019
0.018
0.019
0.018
0.018
0.018
0.015
0.019
0.015
0.018
0.018
0.017
0.018
0.018
0.018
0.018
0.016
0.018
0.017
0.017
0.018
0.027
0.019
0.019
0.015
0.018
0.018
0.019
0.018
0.018
0.017
0.018
0.019
0.018
0.018
0.018
0.018
0.019
0.014
0.016
0.016
0.017
0.018
0.018
0.018
0.020
0.018
0.019
0.017
0.018
0.018
0.014
0.015
0.019
0.018
0.018
0.019
0.018
0.018
0.018
0.018
0.016
0.017
0.015
0.018
0.018
0.020
0.019
0.018
0.018
0.018
0.018
0.018
0.018
0.018
0.019
0.019
0.018
0.018
0.019
0.019
0.018
0.018
0.017
0.018
0.018
0.016
0.018
0.018
0.019
0.019
0.012
0.018
0.019
0.018
0.019
0.016
0.019
0.015
0.019
0.018
0.015
0.017
0.018
0.019
0.018
0.019
0.018
0.017
0.019
0.017
0.019
0.019
0.019
0.019
0.018
0.018
0.018
0.015
0.018
0.018
0.018
0.018
0.018
0.018
0.019
0.018
0.019
0.019
0.019
0.021
0.018
0.018
0.018
0.017
0.018
0.018
0.018
0.019
0.016
0.018
0.018
0.014
0.014
0.013
0.007
0.007
0.016
0.018
0.015
0.008
0.018
0.018
0.015
0.018
0.018
0.018
0.017
0.018
0.018
0.019
0.018
0.018
0.019
0.015
0.019
0.018
0.018
0.016
0.018
0.018
0.018
0.018
0.019
0.018
0.018
0.017
0.017
0.018
0.019
0.018
0.018
0.019
0.017
0.017
0.013
0.018
0.019
0.018
0.018
0.018
0.017
0.018
0.018
0.019
0.018
0.018
0.018
0.018
0.018
0.017
0.016
0.016
0.018
0.018
0.018
0.018
0.017
0.018
0.018
0.018
0.019
0.019
0.018
0.018
0.015
0.018
0.018
0.015
0.017
0.018
0.017
0.009
0.007
0.018
0.017
0.018
0.019
0.018
0.018
0.016
0.015
0.018
0.018
0.019
0.018
0.011
0.018
0.016
0.014
0.018
0.019
0.019
0.018
0.018
0.016
0.016
0.018
0.017
0.018
0.018
0.018
0.018
0.015
0.018
0.016
0.018
0.019
0.018
0.019
0.018
0.018
0.016
0.019
0.017
0.018
0.018
0.014
0.019
0.018
0.019
0.018
0.017
0.015
0.019
0.015
0.018
0.018
0.018
0.018
0.017
0.019
0.018
0.018
0.018
0.018
0.018
0.018
0.018
0.015
0.018
0.019
0.018
0.017
0.026
0.018
0.018
0.018
0.018
0.018
0.018
0.016
0.018
0.018
0.015
0.018
0.018
0.018
0.019
0.018
0.018
0.019
0.018
0.017
0.019
0.015
0.018
0.019
0.019
0.014
0.018
0.017
0.018
0.018
0.018
0.018
0.017
0.019
0.018
0.015
0.018
0.018
0.018
0.018
0.018
0.018
0.018
0.018
0.016
0.018
0.018
0.018
0.018
0.016
0.019
0.018
0.019
0.018
0.019
0.018
0.015
0.018
0.020
0.018
0.016
0.018
0.017
0.018
0.016
0.010
0.009
0.008
0.009
0.008
0.012
0.018
0.018
0.017
0.018
0.016
0.018
0.018
0.018
0.018
0.018
0.018
0.018
0.018
0.018
0.018
0.018
0.018
0.019
0.017
0.019
0.018
0.019
0.018
0.018
0.018
0.018
0.018
0.018
0.019
0.020
0.018
0.018
0.018
0.019
0.018
0.018
0.018
0.019
0.019
0.015
0.018
0.018
0.017
0.015
0.007
0.018
0.018
0.018
0.018
0.018
0.018
0.018
0.018
0.019
0.014
0.013
0.015
0.019
0.018
0.019
0.015
0.016
0.019
0.019
0.017
0.017
0.020
0.020
0.021
0.021
0.019
0.019
0.019
0.020
0.020
0.020
0.020
0.020
0.020
0.019
0.018
0.013
0.014
0.017
0.018
0.008
0.018
0.018
0.018
0.018
0.018
0.018
0.016
0.017
0.018
0.018
0.018
0.015
0.018
0.019
0.018
0.019
0.018
0.020
0.019
0.014
0.018
0.018
0.015
0.018
0.017
